[gd_scene load_steps=5 format=3 uid="uid://cervantes_battle3d"]

[ext_resource type="Script" path="res://scripts/battle.gd" id="1"]
[ext_resource type="PackedScene" path="res://scenes/BattleUI.tscn" id="2"]
[ext_resource type="Script" path="res://scripts/action_effects.gd" id="3"]

[sub_resource type="ProceduralSkyMaterial" id="ProceduralSkyMaterial_1"]
sky_top_color = Color(0.067, 0.047, 0.11, 1)
sky_horizon_color = Color(0.235, 0.15, 0.29, 1)
ground_bottom_color = Color(0.043, 0.027, 0.07, 1)
ground_horizon_color = Color(0.235, 0.15, 0.29, 1)

[sub_resource type="Sky" id="Sky_1"]
sky_material = SubResource("ProceduralSkyMaterial_1")

[sub_resource type="Environment" id="Env"]
background_mode = 2
sky = SubResource("Sky_1")
ambient_light_source = 1
ambient_light_color = Color(0.46, 0.42, 0.36, 1)
ambient_light_energy = 0.65
tonemap_mode = 3
tonemap_exposure = 1.0
ssao_enabled = true
ssao_intensity = 4.0
ssil_enabled = false
glow_enabled = true
glow_intensity = 0.8
glow_strength = 0.9
glow_bloom = 0.05
glow_hdr_threshold = 2.2
fog_enabled = false

[node name="Battle3D" type="Node3D"]
script = ExtResource("1")

[node name="WorldEnvironment" type="WorldEnvironment" parent="."]
environment = SubResource("Env")

[node name="DirectionalLight3D" type="DirectionalLight3D" parent="."]
transform = Transform3D(0.866025, -0.353553, 0.353553, 0, 0.707107, 0.707107, -0.5, -0.612372, 0.612372, 0, 10, 0)
light_color = Color(1, 0.93, 0.82, 1)
light_energy = 1.7
shadow_enabled = true
shadow_bias = 0.04
shadow_normal_bias = 2.0
shadow_blur = 2.5
directional_shadow_max_distance = 40.0

[node name="FillLight3D" type="DirectionalLight3D" parent="."]
transform = Transform3D(-0.707107, 0.241845, -0.664463, 0, 0.939693, 0.34202, 0.707107, 0.241845, -0.664463, 0, 8, 0)
light_color = Color(0.35, 0.4, 0.55, 1)
light_energy = 0.5

[node name="CameraPivot" type="Node3D" parent="."]
transform = Transform3D(0.707107, 0, 0.707107, 0, 1, 0, -0.707107, 0, 0.707107, 0, 0, 0)

[node name="Camera3D" type="Camera3D" parent="CameraPivot"]
transform = Transform3D(1, 0, 0, 0, 0.866025, 0.5, 0, -0.5, 0.866025, 0, 10, 10)
current = true
projection = 1
size = 9.4

[node name="TerrainLayer" type="Node3D" parent="."]
unique_name_in_owner = true

[node name="UnitLayer" type="Node3D" parent="."]
unique_name_in_owner = true

[node name="ActionEffects" type="Node2D" parent="."]
unique_name_in_owner = true
script = ExtResource("3")

[node name="BattleUI" parent="." instance=ExtResource("2")]
unique_name_in_owner = true
